237781,shraddha,1000.0,123456
940003,shraddha,1000.0,12345
497727,sjyfhchk.,5945.0,123456
378263,shraddha,5369.0,12345
262489,sdfgh,53000.0,8529
958521,sgraddga,86298.0,456789
323376,khushi,500.0,456
948172,shraddha thorat,8963.0,1235
376102,shraddha,55000.0,123456
427633,shraddha,1695386.0,123456
305901,shraddha,9000.0,123456
634233,khu,800.0,123
367551,khu,500.0,258
771668,lpo,500.0,123
483723,hjk,936.0,456
525772,plm,500.0,456
380915,hji,86.0,456
675239,kiu,0.0,456
199899,loi,50.0,258
414211,sdf,50.0,456
404064,shraddha,9000.0,789
596360,khushi,800.0,789
622969,khushoi,855.0,468
165076,shraddha,852.0,456
192107,sdfghj,456.0,456
436972,shraddha,500.0,456
763490,shraddha,900.0,456
930669,sdfghj,412.0,456
284024,khushi,80600.0,456
424901,khushi,950000.0,4568
743404,sai,989717.0,456
319507,sai,896547123.0,456
